# Created by Octave 4.0.2, Fri Jan 20 19:55:20 2017 IST <chaitanya@chaitanya>
# name: ans
# type: scalar
63


# name: x
# type: scalar
1.570796326794897


# name: y
# type: matrix
# rows: 1
# columns: 21
 1 6.123233995736766e-17 -1 -1.83697019872103e-16 1 3.061616997868383e-16 -1 -4.286263797015736e-16 1 5.51091059616309e-16 -1 -2.449912578931295e-15 1 -9.803364199544708e-16 -1 -2.694841938760765e-15 1 -7.354070601250002e-16 -1 -2.939771298590236e-15 1


